             *                                                  *
             *      USER ID:                                    *
             ****************************************************




INPUT FILE: GF+5-ITPARK-R01(STAAD FILE).STD
     2. *IT PARK LUDHIANA
     3. START JOB INFORMATION
     4. ENGINEER DATE 11-JUNE-14
     5. END JOB INFORMATION
     6. INPUT WIDTH 79
     7. UNIT METER KN
     8. JOINT COORDINATES
     9. 1 0 0 0; 2 0 0 5.63; 3 0 0 12.72; 4 0 0 18.35; 5 7.89 0 0; 6 7.89 0 5.63
    10. 7 7.89 0 12.72; 8 7.89 0 18.35; 9 14.1 0 0; 10 14.1 0 5.63; 11 14.1 0 12.72
    11. 12 14.1 0 18.35; 13 24.03 0 0; 14 24.03 0 5.63; 15 24.03 0 12.72
    12. 16 24.03 0 18.35; 17 22.08 0 0; 18 22.08 0 5.63; 19 16.92 0 0; 20 16.92 0 5.63
    13. 21 14.1 0 1.595; 22 16.92 0 1.595; 23 30.24 0 0; 24 30.24 0 5.63
    14. 25 30.24 0 12.72; 26 30.24 0 18.35; 27 36.34 0 0; 28 36.34 0 5.63
    15. 29 36.34 0 12.72; 30 36.34 0 18.35; 31 42.44 0 0; 32 42.44 0 5.63
    16. 33 42.44 0 12.72; 34 42.44 0 18.35; 35 45.6 0 0; 36 45.6 0 5.63
    17. 37 45.6 0 12.72; 38 45.6 0 18.35; 39 14.1 0 16.81; 40 18.96 0 16.81
    18. 41 18.96 0 13.985; 42 18.96 0 9.455; 43 0 3.2 0; 44 0 3.2 5.63; 45 0 3.2 12.72
    19. 46 0 3.2 18.35; 47 7.89 3.2 0; 48 7.89 3.2 5.63; 49 7.89 3.2 12.72
    20. 50 7.89 3.2 18.35; 51 14.1 3.2 0; 52 14.1 3.2 5.63; 53 14.1
     SPACE                                              -- PAGE NO.    6
    *IT PARK LUDHIANA
   263. 197 48 129; 198 49 130; 199 50 131; 200 51 132; 201 52 133; 202 53 134
   264. 203 54 135; 204 55 136; 205 56 137; 206 57 138; 207 58 139; 208 59 140
   265. 209 60 141; 210 61 142; 211 62 143; 212 63 144; 213 64 145; 214 65 146
   266. 215 66 147; 216 67 148; 217 68 149; 218 69 150; 219 70 151; 220 71 152
   267. 221 72 153; 222 73 154; 223 74 155; 224 75 156; 225 76 157; 226 77 158
   268. 227 78 159; 228 79 160; 229 80 161; 230 81 162; 231 82 163; 232 83 164
   269. 233 84 165; 234 124 166; 235 125 167; 236 126 168; 237 128 169; 238 129 170
   270. 239 130 171; 240 132 144; 241 144 133; 242 133 172; 243 134 162; 244 162 135
   271. 245 136 137; 246 137 173; 247 138 174; 248 146 147; 249 147 175; 250 148 149
   272. 251 150 151; 252 151 176; 253 152 153; 254 154 155; 255 155 177; 256 156 157
   273. 257 158 159; 258 159 160; 259 160 161; 260 124 746; 261 128 178; 262 142 140
   274. 263 140 136; 264 136 179; 265 146 180; 266 150 181; 267 154 795; 268 125 129
   275. 269 129 182; 270 133 143; 271 143 141; 272 141 137; 273 137 183; 274 147 184
   276. 275 151 185; 276 155 159; 277 126 130; 278 130 186; 279 138 187; 280 148 188
   277. 281 152 189; 282 156 160; 283 127 733; 284 131 190; 285 139 191; 286 149 192
 | Member Section: ST     180X180X6.0SHS ( STRUCTURA SECTIONS)                  |
 | Status: PASS Ratio:     0.807 Critical Load Case:     13 Location:        0.00   |
 | Critical Condition: Sec. 9.3.2.2 (Y)                                             |
 |----------------------------------------------------------------------------------|
 | Member Number:     231                                                           |
 | Member Section: ST     180X180X6.0SHS (STRUCTURA SECTIONS)                  |
 | Status: PASS Ratio:     0.966 Critical Load Case:     20 Location:        0.00   |
 | Critical Condition: Sec. 9.3.2.2 (Y)                                             |
 |----------------------------------------------------------------------------------|
 | Member Number:     232                                                           |
 | Member Section: ST     220X220X8.0SHS SECTIONS)                  |
 | Status: PASS Ratio:     0.940 Critical Load Case:     20 Location:        0.00   |
 | Critical Condition: Sec. 9.3.2.2 (Y)                                             |
 |----------------------------------------------------------------------------------|
 |* Member Number:    233                                                           |
 | Member Section: ST     220X220X8.0SHS  SECTIONS)                  |
 | Status: FAIL Ratio:     1.023 Critical Load Case:     21 Location:        0.00   |
 | Critical Condition: Sec. 9.3.2.2 (Y)                                             |
 |----------------------------------------------------------------------------------|
 |* Member Number:    380   
   290. 359 203 204; 362 46 126; 363 45 127; 364 44 124; 365 43 125; 372 80 160
   291. 373 79 161; 374 78 158; 375 77 159; 380 124 205; 381 125 206; 382 126 207
   292. 383 127 208; 384 128 209; 385 129 210; 386 130 211; 387 131 212; 388 132 213
   293. 389 133 214; 390 134 215; 391 135 216; 392 136 217; 393 137 218; 394 138 219
   294. 395 139 220; 396 140 221; 397 141 222; 398 142 223; 399 143 224; 400 144 225
   295. 401 145 226; 402 146 227; 403 147 228; 404 148 229; 405 149 230; 406 150 231
   296. 407 151 232; 408 152 233; 409 153 234; 410 154 235; 411 155 236; 412 156 237
   297. 413 157 238; 414 158 239; 415 159 240; 416 160 241; 417 161 242; 418 162 243
   298. 419 163 244; 420 164 245; 421 165 246; 422 205 247; 423 206 248; 424 207 249
   299. 425 209 250; 426 210 251; 427 211 252; 428 213 225; 429 2
G:\Amgeco\GF+5-ITPARK-R01(STAAD FILE).anl                                                             Page 6 of 654
                                                                                                               Monday, June 16, 2014, 03:37 PM
     SPACE                                                               -- PAGE NO.          7
    *IT PARK LUDHIANA
   319. 545 257 258; 546   283   284;   547   284   285;   550   127   207;   551   126   208;   552   125   205
   320. 553 124 206; 560   161   241;   561   160   242;   562   159   239;   563   158   240;   568   205   286
   321. 569 206 287; 570   207   288;   571   208   289;   572   209   290;   573   210   291;   574   211   292
   322. 575 212 293; 576   213   294;   577   214   295;   578   215   296;   579   216   297;   580   217   298
   323. 581 218 299; 582   219   300;   583   220   301;   584   221   302;   585   222   303;   586   223   304
   324. 587 224 305; 588   225   306;   589   226   307;   590   227   308;   591   228   309;   592   229   310
   330. 623 300 336; 624   308   309;   625   309   337;   626   310   311;   627   312   313;   628   313   338
   331. 629 314 315; 630   316   317;   631   317   339;   632   318   319;   633   320   321;   634   321   322
   332. 635 322 323; 636   286   770;   637   290   340;   638   304   302;   639   302   298;   640   298   341
   333. 641 308 342; 642   312   343;   643   316   797;   644   287   291;   645   291   344;   646   295   305
   334. 647 305 303; 648   303   299;   649   299   345;   650   309   346;   651   313   347;   652   317   321
   335. 653 288 292; 654   292   348;   655   300   349;   656   310   350;   657   314   351;   658   318   322
   336. 659 289 758; 660   293   352;   661   301   353;   662   311   354;   663   315   355;   664   319   788
   337. 665 304 307; 666   306   307;   667   307   305;   668   302   356;   669   334   296;   670   327   357
   338. 671 335 300; 672   327   358;   673   327   664;   674   326   325;   675   324   359;   676   336   360
   339. 677 326 361; 678   360   301;   679   325   360;   680   358   335;   681   361   336;   682   358   665
   340. 683 356 303; 684   307   356;   685   328   287;   686   331   291;   687   328   801;   688   330   289
   341. 689 333 293; 690   330   800;   691   340   294;   692   344   295;   693   348   296;   694   352   297
   342. 695 340 344; 696   344   348;   697   348   352;   698   329   362;   699   362   288;   700   332   363
   343. 701 363 292; 702   329   332;   703   362   363;   704   357   334;   705   359   325;   706   357   359
